state={
	id=17
	name="The Beaks"
	provinces={
		19 53 86 155 159 201 204 209 210 223 246 265 306 356 372 414 428 434 437 442 459 460 472 475 493 497 504 539 620 647 667 692 699 712 765 794 808 842 844 847 856 898 906 918 940 1005 1022 1029 1079 1080 1112 1120 1150 1156 1189 1191 1239 1246 1256 1278 1296 1349 1402 1419 1424 1426 1450 1456 1458 1461 1473 1488 1502 1509 1542 1585 1591 1626 1635 1654 1674 1677 1710 1731 1734 1813 1815 1851 1854 2015 2020 2024 2025 2027 2028 2030 2038 2040 2041 2043 2046 2047 2051 2052 2057 2058 2061 2065 2067 2073 1178
	}
	manpower=0
	buildings_max_level_factor=1.000
	local_supplies=0.000
}
