state={
	id=19
	name="Tyto"
	provinces={
		33 117 187 283 371 377 397 410 522 610 650 706 749 764 783 802 806 840 921 962 965 996 1025 1042 1046 1056 1066 1077 1098 1151 1164 1224 1247 1253 1263 1299 1325 1328 1343 1368 1386 1388 1493 1511 1528 1536 1539 1581 1597 1609 1636 1657 1696 1705 1722 1723 1730 1733 1740 1748 1750 1771 1826 1835 2069 2070 2072 2077 2078 2079 2083 2084 2087 2088 2091 2094 2113 2114 4068 4069 4070 
	}
	manpower=1000
	state_category = large_town
	buildings_max_level_factor=1.000
	local_supplies=0.000
	history = {
		add_core_of = TYT
		owner = TYT
}
}
