state={
	id=21
	name="STATE_21"
	provinces={
		112 132 141 191 198 251 255 299 401 435 490 557 566 575 598 614 616 622 658 689 724 731 740 775 841 909 932 985 1028 1050 1097 1143 1149 1205 1218 1228 1310 1323 1344 1354 1356 1364 1393 1446 1447 1479 1494 1498 1501 1505 1514 1605 1637 1640 1661 1678 1694 1707 1711 1719 1742 1749 1752 1757 1786 1805 1845 1939 1946 1948 1949 1950 1954 1963 1967 1969 1971 1973 1974 4063 
	}
	manpower=300
	state_category = rural
	buildings_max_level_factor=1.000
	local_supplies=0.000
	history={
		owner = KOG
	}
}
