state={
	id=22
	name="STATE_22"
	provinces={
		2 5 9 11 16 22 24 35 38 39 43 49 54 58 59 60 67 72 76 77 80 87 94 110 118 119 122 125 130 137 138 139 140 153 157 166 170 172 175 186 195 199 206 207 214 229 236 240 242 259 269 277 285 286 300 314 316 321 336 339 346 368 373 379 382 417 430 440 448 452 478 485 496 514 516 531 556 561 569 635 646 670 680 698 705 711 736 744 745 753 768 799 807 827 835 836 838 849 851 904 913 925 948 956 958 978 1024 1043 1067 1102 1110 1127 1135 1158 1165 1175 1185 1196 1265 1269 1285 1338 1350 1360 1398 1418 1427 1430 1441 1453 1454 1472 1474 1490 1504 1534 1568 1603 1615 1689 1712 1759 1764 1799 1819 1864 1865 1866 1867 1868 1869 1870 1871 1872 1873 1874 1875 1878 
	}
	manpower=50000
	state_category = megalopolis
	buildings_max_level_factor=1.000
	local_supplies=0.000
}
