state={
	id=27
	name="Ice Narrows"
	provinces={
		3 91 169 189 252 264 309 385 407 450 456 499 525 528 530 537 538 608 617 637 707 778 781 811 853 893 897 908 920 927 939 959 1015 1016 1061 1072 1092 1100 1114 1121 1128 1134 1199 1203 1235 1270 1272 1298 1311 1322 1383 1384 1410 1413 1414 1439 1484 1506 1517 1523 1546 1559 1587 1655 1660 1662 1671 1690 1697 1726 1760 1797 1802 1803 1810 1848 1850 1862 1972 1976 1978 1979 1982 1983 1985 1987 1988 1989 1992 1997 1999 2000 2001 2003 2006 2009 2012 
	}
	manpower=1
	state_category = wasteland
	buildings_max_level_factor=1.000
	local_supplies=0.000
}
