state={
	id=31
	name="Hrath'Gar Mountains"
	provinces={
		14 23 31 56 63 68 69 79 85 109 124 156 160 167 177 185 197 200 203 220 228 243 244 245 249 262 287 288 305 313 324 340 342 367 369 399 411 416 425 432 439 444 463 468 483 492 527 533 534 546 554 562 571 574 594 599 600 607 611 612 640 669 685 709 720 722 751 771 773 779 782 786 790 801 809 858 859 868 880 881 896 914 931 935 941 946 955 964 967 970 972 1003 1004 1008 1013 1030 1035 1047 1062 1065 1071 1081 1089 1090 1106 1108 1124 1125 1136 1140 1146 1148 1179 1183 1187 1197 1210 1230 1233 1249 1254 1258 1268 1281 1290 1294 1309 1313 1326 1333 1341 1347 1348 1371 1373 1375 1392 1399 1416 1422 1433 1440 1448 1466 1475 1476 1478 1485 1492 1515 1530 1532 1547 1550 1572 1614 1621 1652 1653 1663 1680 1683 1688 1703 1714 1725 1738 1743 1753 1779 1780 1783 1790 1822 1829 1830 1836 1861 1876 1882 1883 1884 1885 1888 1889 1890 1892 1893 1896 1899 1900 1901 1904 1907 1909 1910 1913 1914 1915 1916 1920 1922 1923 1925 1926 1927 1929 1930 1931 1932 1934 1935 1936 1940 1941 1953 1955 1965 
	}
	manpower=1
	state_category = wasteland
	buildings_max_level_factor=1.000
	local_supplies=0.000
}
