state={
	id=33
	name="such content much wow"
	provinces={
		4 26 40 42 45 97 151 174 208 226 257 261 268 319 337 343 349 359 390 395 415 418 429 476 480 520 564 585 593 604 621 655 672 677 687 691 702 738 743 758 767 784 798 805 833 884 891 938 952 968 1002 1010 1040 1063 1105 1129 1147 1195 1206 1225 1248 1262 1275 1288 1292 1317 1324 1358 1366 1380 1397 1415 1457 1468 1482 1513 1516 1561 1571 1582 1583 1601 1713 1744 1772 1782 1787 1808 1818 1858 1877 1879 1880 1881 1887 1894 1895 1897 1898 1902 1906 1908 1912 1917 1919 
	}
	manpower=0
	buildings_max_level_factor=1.000
	local_supplies=0.000
}
