state={
	id=35
	name="Land of Rogues"
	provinces={
		6 10 13 18 20 27 32 46 47 55 71 75 78 81 88 90 92 93 96 98 104 111 115 116 126 129 145 146 147 148 149 154 161 163 168 179 181 184 190 196 212 213 216 217 219 222 231 232 233 238 247 254 256 263 271 289 294 295 297 301 302 308 310 318 322 326 327 329 330 332 335 344 348 355 357 358 361 362 376 380 381 383 384 387 389 392 398 400 402 412 438 441 443 446 453 455 458 465 479 494 495 502 507 509 512 513 519 523 529 532 543 547 552 553 560 563 565 568 572 580 581 584 587 588 589 592 595 601 615 623 626 628 630 632 638 639 648 657 659 663 671 674 678 681 686 688 690 694 716 723 725 732 739 746 748 752 757 759 760 776 777 780 787 788 793 795 804 810 820 821 834 845 848 854 857 866 869 870 875 878 879 885 887 894 899 902 910 911 922 924 928 934 936 937 942 944 945 950 953 957 960 963 971 977 980 988 990 992 998 1014 1027 1032 1036 1041 1044 1053 1055 1073 1078 1082 1085 1086 1087 1091 1093 1104 1109 1111 1113 1115 1116 1123 1137 1145 1152 1154 1155 1161 1166 1168 1170 1171 1172 1176 1177 1184 1204 1208 1217 1219 1221 1223 1227 1231 1232 1236 1241 1242 1244 1245 1252 1257 1259 1287 1293 1301 1303 1304 1306 1321 1327 1352 1353 1357 1369 1376 1387 1390 1405 1406 1417 1429 1436 1438 1445 1451 1455 1471 1483 1503 1512 1531 1551 1562 1575 1577 1588 1595 1606 1611 1618 1625 1630 1632 1633 1641 1644 1646 1650 1651 1658 1667 1672 1676 1685 1700 1702 1706 1715 1716 1729 1739 1747 1766 1767 1768 1769 1770 1775 1776 1778 1784 1788 1796 1800 1801 1806 1807 1817 1820 1828 1833 1837 1842 1843 1846 1856 2074 2097 2102 2109 2123 2127 2129 2131 2136 2137 2144 2145 2147 2149 2151 2153 2154 2157 2158 2164 2165 2167 2168 2169 2170 2171 2172 2173 2175 2176 2177 2178 2179 2180 2181 2182 2183 2185 2186 2189 2191 2192 2193 2194 2196 2197 
	}
	manpower=1
	state_category = wasteland
	buildings_max_level_factor=1.000
	local_supplies=0.000
}
