state={
	id=36
	name="Neros"
	provinces={
		29 37 44 52 61 73 89 106 114 123 133 134 143 158 164 171 173 176 188 202 239 248 260 266 270 273 274 284 303 323 325 347 351 353 375 378 391 394 406 409 413 419 420 422 431 436 445 447 469 477 487 491 517 524 540 555 559 570 573 582 591 603 609 627 631 633 634 644 649 653 656 660 662 665 668 673 701 730 741 754 761 772 791 797 814 818 824 825 829 830 846 876 882 890 903 915 943 949 954 961 969 979 982 986 991 1020 1026 1031 1033 1037 1153 1169 1174 1180 1200 1207 1282 1283 1291 1315 1318 1331 1340 1351 1372 1374 1385 1421 1452 1460 1480 1508 1519 1524 1527 1538 1548 1555 1565 1566 1567 1570 1578 1590 1600 1602 1608 1612 1616 1627 1628 1629 1645 1666 1670 1695 1704 1718 1721 1735 1746 1754 1789 1795 1814 1832 1834 1838 1841 1847 1849 1860 2080 2085 2089 2093 2095 2100 2106 2107 2108 2110 2116 2121 2122 2125 2126 2130 2132 2135 2139 2140 2142 2143 2146 2148 2150 2152 2155 2156 2159 2160 2161 2162 2163 2166 2174 2187 2190 2184 135 766 871 1634 471 1855 350 1599 498 605 1681 729
	}
	manpower=1
	state_category = wasteland
	buildings_max_level_factor=1.000
	local_supplies=0.000
}
